# phi1    phi2
-51.942365566202284    -1.574533636133198
-53.35260535525151    -0.7372963095990555
-51.14643580347007    -1.4656173651076119
-51.37097881894414    -1.3057570868954218
-51.32591719740782    -1.1369395466076908
-49.997881854016555    -1.4171157514423955
-85.27140857955379    -2.266061646179122
-84.18871886741579    -2.417756141252886
-84.39122639263445    -2.296647118733471
-84.47144642967874    -1.1465375405122045
-85.6221262704837    -1.197543944032574
-82.06356882344909    -3.046891108113051
-82.03814898857411    -3.3416023007645133
-82.33821357351115    -3.1567406882700526
-82.72275947836965    -2.186020137927733
-82.26255319142808    -2.075592715130125
-82.36891297108792    -2.2622975681176998
-81.9138481106383    -1.8144862786948055
-82.0397453632965    -1.9358933032061838
-81.80941175778185    -1.8256538924774397
-81.3663401080587    -2.359611041417095
-81.18863622277325    -2.7494470611594664
-80.93412466634925    -2.046280226429372
-80.76694313009517    -2.607536471372975
-82.52849528144691    -1.076014835202068
-81.61793104913994    -0.9096593368892552
-81.60114629945855    -1.5578439007569653
-80.64772848678513    -1.9959085691234375
-80.21904636014182    -2.1348582868055073
-80.12589620694075    -1.9005952951520904
-80.35212527593774    -1.9700423719737719
-80.37948725747123    -1.7643444156782404
-80.3806515053871    -1.7954918443445513
-80.63223903213816    -1.9329385523850502
-80.56026704108325    -2.0525355756974806
-79.96227789733479    -2.1675157099176365
-79.90256992322998    -0.8431743392693456
-34.301115562834866    -0.012944370215569842
-34.562249788138274    -0.10937853719279317
-34.48234539718334    0.03577042674594762
-34.671944991482405    0.09963435953019636
-34.26941593336528    -0.13581309812843245
-34.38935883051471    0.05417299862493795
-33.93503354958034    -0.03978725254571327
-34.17451448869576    -0.17123369070702915
-33.487862311423896    0.02949057322593524
-33.03000077585011    0.16595787898287662
-32.92766615309654    0.038248094400272506
-32.92705003125991    0.04347613841731797
-33.00044224350739    0.18195453448184498
-32.93260264640202    -0.04107088930202665
-33.210988700602    -0.19310651498138393
-32.04225001277922    -0.6096851239022428
-33.77410279688286    -0.1779929783811209
-33.381053803740315    -0.5033584641666853
-33.24308848433361    0.1318567711317684
-33.775250644514415    -0.07190499259502786
-33.42964730988405    0.009935277910318773
-31.34605349693186    -0.7558170561774016
-31.990788603515227    -0.4778454627849069
-31.81659730643014    -0.6757369058904305
-30.86520067005631    0.0488904035132093
-30.813700030262282    0.03423763690751579
-31.824955468317228    0.21150856376831617
-31.913816072111047    -0.04410195647939428
-31.199459229632453    0.1419724682616876
-30.69214466559339    0.24684667407117325
-32.706350057839984    0.3108693567938879
-32.59905836005436    0.15695715312117123
-32.490534827259296    -0.25454271592363564
-32.76746062431323    0.04825873083874217
-32.500972571720695    -0.2840582712670689
-31.145967435834507    0.13840735412466848
-31.772997354478207    0.20320240539322512
-31.57193436969476    0.00024237570037159096
-31.20506761967198    -0.17278661584595398
-31.482772695350832    -0.0500902350986861
-31.981800822227854    -0.07515154841138771
-31.74958927945005    -0.19534637046471084
-34.080287405068134    0.2564216609371941
-31.15996739616628    -0.024578469975922317
-31.994117735912766    0.041532621354653826
-31.77358062142747    -0.04627185032314928
-32.20753517280252    0.0443993490359673
-31.25537411625129    0.08887345061648687
-31.282380113463773    -0.16058759256598637
-31.119316240822286    0.03976132528282855
-32.04448419790009    0.14314908143148616
-32.04243362873518    0.09994730077890578
-34.34806528403186    0.3800027450444495
-31.935037483335464    -0.09865255889578317
-32.662484677387226    0.04009858926216584
-31.436145315074043    -0.3032141845081329
-32.43427126821115    -0.3108396324523313
-32.278328360320415    -0.060316959185721566
-30.990514198560106    0.17132351430823267
-30.89846422136702    0.07922913300467412
-30.911822815683763    0.0705910197806704
-33.66169509246254    0.5875636181203325
-33.391797276587454    1.8663653600662586
-32.698068647913544    1.0067259729267917
-33.85068658446181    0.5465265581206853
-32.54869491022532    0.8176520238066131
-33.43733478551161    1.6077420502831474
-32.99814609742441    0.36580273004099423
-34.11553671839897    1.2916807471469895
-33.67468741989336    1.1910322929124446
-33.614300296927524    1.725473960615002
-33.91361312287688    0.28108131250705104
-33.36114902914568    0.36179295299874026
-33.78490717399933    1.6531462737459588
-33.51771283331891    1.314258532453394
-33.638980277789415    1.5039065850349909
-32.85876604597041    1.0746074404532577
-34.07873554665446    1.4551742664595164
-33.187972920576556    0.34912871262792483
-33.71927636961652    0.30705160375465795
-34.00507328607489    1.025033724210094
-33.35939855432264    1.326243063295523
-34.002051684972685    0.8584666089572254
-33.02462194228866    1.5354441315418164
-32.295738085131575    1.3942097770907758
-32.37612058353665    1.1806375009730457
-30.657498266969412    0.451173013750289
-31.48002482510867    0.7255645446296582
-31.462519126507686    0.6360376365443853
-30.738913345077208    0.43887930336658615
-32.505930146280775    1.1878329694479857
-32.7555518265583    1.813059471677788
-32.48564621144561    1.5250649595044956
-30.757840727458188    0.9123818522795756
-32.719617336939905    1.2632991296914113
-32.69957393817447    1.1846860762771725
-30.872077369547924    1.3646657157553665
-30.66842903578049    1.0923449956207518
-31.2186906633421    1.2757763374851967
-30.49611780643096    1.2106412476612496
-31.054323882923427    1.702970289269221
-31.97550585622656    1.1380353200038102
-31.04520161356004    1.7570317450094288
-31.143752546663393    1.225827512238962
-30.801071383899796    1.5350307863645476
-31.034153883956208    1.5740521561560985
-32.06100018945102    1.142775887739604
-31.64459174350577    1.2060311880144687
-31.932940762271926    1.3093967371109783
-68.37896446447701    -1.9767192086533938
-67.94665510493633    -1.8390622396931076
-68.23161281668496    -1.8977105320108607
-67.45927598280286    -1.639605346590442
-67.87472444947616    -1.0523328954882971
-67.00900997072085    -1.7815030375097378
-66.33891312791934    -1.2041142814756425
-66.32907327118608    -1.1870389739322973
-65.94587474525912    -2.065881042929461
-65.60950275329316    -1.4833170758745318
-66.20075350656123    -2.110598453550782
-32.74959937753056    1.8918780068217944
-31.06303783855725    1.9208522078258448
-11.767332515560327    -1.5197822544029953
-11.907323472609278    -0.989379501842865
-12.04872692008712    -1.2280749305236338
-11.75696128607757    -1.8777320317082349
-11.802496040765504    -1.343628561704016
-67.8825406946894    -0.19453249873803652
-66.93714526553674    -0.32809189853215776
-67.23922852255305    -0.6757974532686603
-67.03203373181839    -0.12921626967015248
-67.54396329235487    -0.07260562207624782
-66.91663853147026    -0.910903700928171
-67.1398080060398    -0.6721101499564239
-66.33138739745579    -0.7761068161110944
-66.0990471709905    -0.9304943200373574
-66.89041640696723    0.30096990447328054
-66.44852149127246    -1.1271583980808233
-65.30337095830913    -0.8713699294484845
-65.31624567611175    -0.5774937632725003
-66.01398637366486    -0.6633214530825613
-64.86726529410538    -0.9279022689035514
-65.60000651396888    -0.5498232274864037
-65.0666284123763    -0.3973864952524995
-64.97480058810226    -0.08116895339750858
-64.87067633618767    -0.619447602040764
-65.41566241025583    -0.28347847523082365
-64.7384000568897    -0.4927900154374063
-64.83589282116344    0.18445455768314634
-65.38462669353686    -0.20274269122791827
-65.37125986102313    -0.3853405271661723
-65.26189647896598    0.0038370337248425338
-64.63056257699515    0.701709272174547
6.557420938419995    -3.1203301387888245
-9.7294876469428    -1.3561987999837168
-8.837442016731472    -1.3502767297499003
-9.758566729222878    -1.9581885897867592
-9.276151506037422    -1.0369901936324466
-9.850911396267577    -0.0016218365089616567
-9.400486354880798    -0.47389021116149377
-9.480999724317314    -0.2758769691449693
-9.425958507590622    -0.32633174349533667
-9.81082001337711    0.4401631905558597
-9.568268447759351    -0.25324044121596023
-9.669924771878641    -0.4265364949932889
-10.956874567695081    -0.9391437785444556
-11.545216613306309    -1.3788914437454967
-11.599130434454196    -0.16826872800894926
-11.70463844942492    -0.9913164025810671
-11.65473980308326    -0.30977194136439207
-11.6621913473154    -0.25399099364461836
-11.597561798677134    -0.8034850274469985
-11.55082691934939    -0.2924187051788223
-11.111076670879925    -0.5358506963873804
-11.516219738701182    -0.6101140848065054
-10.274915069038059    -1.7669023832387134
-10.72855239282427    -1.17074809730853
-11.707888068527609    -0.37987084187085646
-11.10305539181752    -0.5583238196110235
-11.167186109496754    -1.8378084997656856
-11.106292591278134    -0.43546501337739635
-10.68260553210547    -0.12330723068001051
-10.84071502145241    -0.3625876822065268
-10.426899938542931    0.3179822709265972
-10.965228625561394    -0.35598796219449663
-11.21239099139683    -0.5119178340567905
-11.333008913149968    -0.4556719285569103
-11.382500826968055    -0.4304145413769076
-10.564550806283478    -0.32200557027760823
-11.301793039189533    -0.30763910644049225
-10.752025490215146    -0.2681012840793393
-10.886822273828898    0.027146476350010114
-11.063325412305971    -0.22651113908810702
-10.94861879909638    0.05747699588965866
-10.24391422002111    -0.3268014352922771
-10.868617126159108    -0.5437883669546527
-10.256297846827579    -0.3253889367738703
-10.214620091009294    -0.099917148962019
-10.047709268301048    -0.44019213306600596
-11.344622931925471    -0.07715375829594695
-11.263414944291355    -0.1569715252768365
-10.182253330158005    -0.48492769238470324
-10.306539290927674    -0.5060648072373698
-10.310754591021919    -1.1674566964269162
-11.33906432358765    -0.10807597572308172
-11.466774654093172    -0.27442197261084667
-10.94195484893686    -0.26443978722177197
-11.465615420702363    -0.006294897676059325
-10.087831308597629    -1.5919694699400244
-11.535889936796082    -0.12917037640130646
-11.316519855988588    -0.04624467614081338
-11.21076468401094    -0.11846752788882806
-11.175077769553468    -0.43547681007927747
-10.094519775507422    1.0159712893041315
-10.406618990403274    1.1579449275416867
-11.086434435973501    0.4554626686938447
-11.028266433995555    0.26008195578648274
-10.297868535210227    0.45037910193400454
-10.475485485381682    0.811643907907764
-52.20651378873083    -0.5631848227207163
-52.6025585935314    -0.49376549032790834
-51.59125858257596    -0.23430389700839485
-53.33516919566449    -0.31804434521872654
-52.409590616051446    0.24948998278055085
-53.14554991876855    -0.4662680502068677
-52.262451270940744    -0.6760941825476384
-53.03079159874699    -0.31286795987701976
-53.0818066079886    0.7170549331504347
-51.92889565583312    -0.11211881335720991
-53.38174222251047    -0.09494436728161244
-52.59220437098395    -0.2541703681518987
-53.14682168218769    -0.5610629163101593
-53.14396702214526    -0.5392767012712907
-51.853852340001424    -0.4717877909832098
-52.513666199105614    -0.0768622309251348
-52.69285259532592    -0.2643614608838857
-53.08217466550951    -0.15505326024793947
-53.234311641099566    0.1298937422173471
-51.61931621850255    -0.09603576552380677
-51.620129452686854    -0.4054734847019741
-52.003304884587635    -0.28234168360774164
-52.76115715841985    -0.15284495398316328
-52.20800521456903    -0.2759085756582298
-53.14205685916056    -0.23285081018485973
-53.11732080555453    -0.16716387567343305
-51.84115980037825    -0.15748810552224596
-52.213961002481085    -0.7395993276188321
-53.03333435522876    -0.1574829668460083
-53.2251239529939    -0.5159932880527337
-51.68195597794437    0.13926001508634808
-51.20065255914125    -0.21400655266134738
-51.99026335974486    0.010244945589412585
-51.99151884907462    0.012694575771418248
-52.22806775925051    0.2743609734876941
-51.62820426903272    0.039256438574769
-51.59494630267068    0.008024575872787517
-51.42627163221499    -0.12780004848982743
-50.720465572674186    -0.2864719137781418
-50.6780362973177    -0.2841612291963711
-50.73989026996077    -0.34122267034068926
-50.72493636020539    -0.21622889125413666
-52.199238373658545    0.10825730691698233
-51.46745197804495    -0.2129262635726389
-50.94164382781247    -0.8349216983874841
-50.86535646281055    -0.9713222271746114
-52.032047202179285    0.0371965237226773
-51.80701500300137    0.13492408766728925
-51.30904779537667    -0.418443306512801
-51.937600537481956    0.8954645208145618
-50.89861640734887    -0.2380500966079757
-50.81831903691875    -0.256083380313473
-50.87514818880095    -0.3458082381108769
-51.476486404525474    0.28751638817170383
-51.584401129234436    0.18304967939314826
-50.15745186754447    0.10875742604852578
-51.05658190502112    -0.12021040899343398
-51.4101041349806    0.1642418107955843
-50.32476373227058    -0.16380887378418443
-50.698399491060286    -0.10412541270373582
-50.232470717035426    0.3555098185374482
-51.101064376647344    0.4974966624364745
-50.843502506226116    0.2288910742912144
-50.53703453031966    0.19482463178200007
-50.18934099425934    0.4299246497346469
-50.03789371255158    -0.6477790647453265
-50.39297567458004    -0.04012416352640488
-50.25428900219731    0.14961884427014882
-50.560195833819876    -0.5178289584796183
-50.274452646379245    -0.17642131045342554
-50.370524443909574    -0.2710088177934335
-50.19067459961718    -0.06630090938016554
-50.98626928023617    -0.1385172131490857
-50.30684371438002    -0.3506067880163013
-51.196716836835265    0.3334689993332822
-50.920968903156734    -0.07171169215337891
-50.88277662877363    -0.03249445169994666
-50.35942092832272    0.10175145434871499
-52.9797815486603    1.2640931179025536
-50.60206391164661    -0.18557941577146564
-50.612578248602574    -0.21619248472427735
-50.42430358866591    -0.030678063719762165
-50.23976839982902    -0.1307298412196153
-51.37511068266821    0.29856786451199935
-50.0131700471174    -0.4054033896599905
-50.89766819386176    0.9764042319397909
-50.71401012888492    0.8384359205520848
-49.78269507992013    -0.5274613403693306
-49.8264897856979    0.3657717840518094
-49.91328825098202    -0.7823216415163454
-49.904982120176385    -0.2523218330694717
-49.98041318795492    0.42272810394523713
-49.74478432193018    -0.09934995731992388
8.253377172662226    -3.461897553044873
9.629097373851636    -3.493482191072118
8.826779300794811    -3.551030081783937
8.731983808593014    -2.644312740756362
9.743494309723502    -2.5708533438157306
8.851533846463099    -2.7653981609746534
9.333097869741238    -2.4710463134870584
9.261437877551629    -1.6946210132814916
7.90784714916839    -2.771699955936165
9.434751859390559    -1.9270470562290505
8.037073414897208    -2.617809464123011
9.761538526063276    -1.9551813941986718
9.68664350345685    -2.1582870005899633
7.524339857956846    -3.0074948504476
7.529307029583464    -2.8879199361031755
9.39734257044256    -1.4952531826309656
9.128996035723077    -1.967076388829695
7.411397012360709    -3.383820420317015
7.06342360720555    -1.8711697984843239
7.772274799714722    -2.430598483184845
6.385790923997405    -2.8468859935902304
7.009828076044585    -2.003559465760197
6.564447055538324    -2.627670120785901
8.529504118573925    -2.2746521296428472
7.538310920534741    -1.78726479003619
7.092266505523384    -3.204846183326398
6.565916203432749    -2.9399427321275007
7.097871058135382    -2.2331301670391994
7.748266678292765    -2.1598722903596648
7.451885910321522    -1.7074372277109988
6.515858675807124    -3.0143273546034672
7.8235571024531225    -2.5318896574312184
7.53908244353849    -1.8802965776657175
7.108085697998831    -3.261726160196411
7.955470452739149    -2.4930773093165968
8.871792914926715    -1.4557537645105376
8.350767695378664    -1.8107287018693925
8.420777435052287    -1.234077637109827
7.580766472217022    -1.5486590735484467
8.575209788220661    -0.9115052528731791
7.892716637579724    -1.5640359755803543
8.628390073570927    -1.154756587514988
8.619909335245922    -0.9470260639063562
9.060024915691542    -1.3216471425525014
8.567140225523133    -1.1375429855997716
8.146512479505219    -1.0915997663495067
8.894732147629384    -1.9243380919663897
8.063683998154232    -1.7417191884766015
7.777982901773811    -1.204449695272152
7.6107999681576075    -0.9704540446538252
7.531203032733288    -0.9758047927208375
8.240008414645672    -2.270982792803855
7.826738234091835    -1.6409027281410342
8.375356302418425    -0.7486847542420624
8.388566986589751    -1.5472489453820075
8.457302138748531    -1.022328248809
8.885622896855608    -1.0274244298643733
9.057289925488334    -1.777434780870401
8.009432196183127    -1.472606936718297
9.034133718984862    -1.7518662363717532
8.425251604809262    -1.0126529629553207
9.10221890601801    -1.122431190988346
8.899847006146587    -1.611529906455552
7.941283681371743    -1.037487112926641
8.26557203277818    -0.770503124571556
8.419491010762073    -0.3428054487929854
-83.50549157178398    -4.129354043026506
-83.07966687385374    -3.929474475592279
-83.77683265829273    -3.5566221105186595
-83.22871050937493    -3.199463546754943
-82.6966129421852    -3.8916820083103087
-83.14312600135503    -3.3350401478930074
-82.85561515973194    -3.7759221231121525
-83.68165588610043    -2.910576251888896
-83.67867247734404    -2.9852683232371273
-7.89301425887578    -2.031587163542761
-7.960910834743402    -2.1401213113346547
-8.326397253174207    0.06225503975543027
-8.23458788779908    -0.4121203410519811
-8.324095755709493    0.04336800052008327
-8.35901862442745    -0.2698393413718953
-8.249576482300881    -0.7534024394746088
-8.195869922891632    -0.5283827134834188
-7.380195170921354    -1.5325053232086934
-8.99503583216648    -0.26816788288426846
-8.097108946468211    -0.40236853785210924
-8.607936254597575    -0.2945101078247106
-9.119023317482743    -0.3137891585585419
-7.999221470653936    -0.6755165614681748
-8.152330225866535    -0.5978005561418176
-8.057525650086518    -0.009844227594103994
-8.759070011128529    -0.4672888386480646
-8.569543588048418    -0.5871135876181734
-8.465174960714364    -0.3568238372738198
-8.388252618464549    -0.5156367080445293
-8.117632254285581    -0.7524741217218505
-7.548062511005355    -0.46096154668226325
-7.061065229039514    -0.38820552690725174
-7.94706246041045    -0.12103168366278119
-7.231000631481493    0.3248619824856533
-7.144270739493038    0.7812500213653594
-7.3445229160037115    -0.26051957701061895
-7.653727615672096    -0.6278512647636773
-7.9023678715036    -0.17646481249936263
-6.783926217295061    0.2103535039009769
-7.083421880740161    -0.8299037510265079
-7.5580025563648405    -0.17021686115750967
-7.1165145721938075    -0.46992696200892
-7.372304260102169    -0.44456917952304764
-7.584006740034681    -0.4797394265089375
-7.256206108817878    -0.3952197429139652
-7.593373084867608    -0.5441026129953891
-7.106429788387288    -0.09461468837022521
-6.802352185827999    -0.4117689331833055
-7.0889827146930315    -0.6847138314642228
-7.560284744954117    -0.46027499300911656
-9.421939303137492    -0.13535904910377441
-9.370790472467547    -0.0009348428154818353
-7.476660974936294    0.9345392471201571
-8.16690199132745    0.7929599806962356
-8.066282498146279    1.0926312978625279
-9.017707022395598    0.15650773078125324
-7.861915227486577    0.885328392309691
-9.150135606189053    -0.17453882810967897
-7.857820001994185    1.0490469963617104
-9.584019738554616    0.4172519810384319
-9.2842521945351    -0.38654655182000763
-7.258890283345863    0.9501995100216709
-8.872863540935555    0.972438373736856
-9.202460448212378    0.9766291516611619
-9.25506122321508    0.9350881550016752
9.83156109857083    -1.0382971855718626
9.974822792561923    -1.5651257087383539
9.543212042976421    -0.5231259780232569
8.91560104131932    -0.615385383648917
9.035457251306582    -0.3406802970477544
-49.372812535624405    -1.423428260547865
-6.346543528469169    0.32189284932500517
-6.5082577925697365    0.4778977424950053
-6.722180858829972    0.4144339521721213
-49.4369099255419    0.04346242005729637
-49.02268274040176    0.21353663609211576
-49.23138487481401    0.33828769789055624
-49.23300517495005    0.3887703315582244
-48.01644944894281    -0.17200485493549922
-48.62358514456798    0.38780477821118614
-49.30819389506598    0.16322138575778167
-49.14646331576546    0.03961664395731203
-49.626298462487114    -0.40270245532524224
-48.89606303451541    0.09375696378650213
-47.95353701082382    -0.38043765652938216
-49.331304468421536    -0.41503206558897454
-48.62177177358461    -0.11307930235182104
-48.48513320186578    -0.33777249696220935
-49.557336848512136    -0.19005798217095857
-49.25253195399307    -0.46236077820096416
-49.42494279114385    -0.045626615515716534
-48.95824236217908    0.38431467703842964
-48.74555698986126    0.08166922416324965
-48.41868185139282    -0.16180820422374906
-48.539871333682754    -0.0697411672643478
-48.870854546758665    0.16104466412764834
-49.480071771217695    -0.6207576631254628
-48.43997367772033    -0.2951551046562631
-48.73425263433887    0.12711494192433384
-48.0994919610651    -0.13408624806508265
-49.220238959613255    -0.011764007316251367
-48.786147946389235    -1.1245081838822946
-49.037205798515515    -0.041577876691832286
-49.00822145462382    -0.1615905428968446
-48.236954559328524    -0.25934301665212767
-47.687693739008466    -0.06909384052862348
-47.88578103677696    0.06915285781399422
-47.99259248546559    -1.0591609959178305
-48.47012738433898    0.12552083910073486
-48.62617981142182    0.13280677548262138
-48.613271789793316    0.09017383920416988
-47.7111240056708    -0.10140775753344554
-48.026776578008764    0.11861084071937773
-46.936357443761096    -0.253168872941871
-48.11870205659545    0.10209674741336902
-48.0377574368307    0.1937223472320272
-47.56552521379058    -0.20654856685901454
-48.44625673153075    -0.04760241879578843
-48.29013865785504    0.25393163651682754
-48.31268417523688    0.2626235715676642
-47.026409713255816    -0.3448128281963209
-48.41027043387817    0.7391267026485854
-46.11050071606769    -0.23869270950728577
-47.160191048377555    0.16354991239191866
-47.51463937843528    -0.12663746537083884
-46.57353667337043    0.02937933998674331
-46.339772768421255    0.05725289089332037
-46.9849217740005    -0.04050071654089898
-46.62428109981852    0.13873795937801148
-47.08670865052733    -0.04372582192896806
-46.151485592022425    -0.13565207995488104
-46.34304920902497    0.13513315052005653
-46.52537204160069    -0.5453228843948972
-49.27515720500452    0.56640158621773
-46.4553388140032    0.002405511166666842
-46.24714946310161    -0.2561309336278224
-46.832267478329356    -0.21271615275061936
-46.41024137353537    -0.08864349787036763
-48.3073354502265    0.5177339153542146
-46.120909533132306    -0.542030528512254
-46.60127418857991    0.058570326728343156
-46.12413856814811    -0.37882219511192083
-46.202344131975394    0.052142618284158775
-49.25492860192384    0.5491875696291156
-46.79786273740393    -0.28588022887172654
-46.01480922231144    0.029283301542785002
-48.17044347409967    0.7349610349213959
-47.043643198657605    -0.1384677898194135
-47.65290239660692    0.023009801557498943
-46.84664978648493    -0.10337200653687895
-46.74537573507786    0.04869894912399161
-46.44201220072625    0.12317138633375933
-46.00648707823234    -0.4508352161655336
-47.519327471811096    -0.011242595777406663
-47.394119853378584    0.10553780021657275
-46.446357864851905    -0.17169503754304424
-46.94003600003896    0.1526478529661731
-49.04498163284103    0.5007212074677658
-47.21706673828845    0.12924905573309364
-47.81010279660717    0.4410559288107611
-47.13008120883836    0.015515521874587728
-47.85139621290625    0.34452470029299004
-47.045725525024864    -0.040997604191495486
-47.8793674234704    1.511077451414182
-47.76419249936316    1.1712694576705276
-47.74087295110462    0.5811318310408746
-45.8920451469873    0.32474904720421915
-46.55319825451619    0.5280530830441726
-46.566254266109695    0.4120477076880002
-46.71012880363736    0.4753313488798741
-46.22948636710362    0.2356595483782017
-46.733648755096    0.2491081544839239
-46.752870568776586    0.24330337306928398
-46.827206843338104    0.2982574088049978
-46.925428655999326    1.0315752235811213
-45.990977439256994    0.21139925504978008
-45.872159565698325    0.9612001112732383
-45.82596459245775    0.2972841352665823
-46.77885919747814    0.21010003594021892
-79.61870975336814    -3.5330453927682925
-79.58558515918992    -2.824107225599191
-79.20019164267654    -2.9146816786387912
-78.81857911403677    -3.609924861239929
-79.84354563531605    -2.3741289188194097
-79.4338634487035    -2.829943004944992
-77.15745491990964    -3.5513805903223776
-76.66969210129497    -3.587642978087071
-78.91132139507306    -2.455564089895368
-78.93662083607052    -1.8091740545390798
-79.43732806758072    -2.014620199604145
-79.19706238827331    -1.7463900665368708
-79.60423147989275    -2.2127784149702707
-79.55210495139494    -1.0295497578978967
-78.00780572111773    -1.4961059205254423
-78.46384719260664    -1.510311413704278
-78.69140850091759    -1.7117029321950903
-77.66393130846342    -2.60960571593953
-77.5514343181178    -2.5891212012393976
-77.32760108271822    -2.575373807948211
-77.35526867474096    -3.1884875352436897
-77.3901532940626    -1.3160868088833453
-77.78366033891996    -1.4964025578929991
-77.57036680204243    -2.181815495337545
-77.6909129040211    -1.8338101728961542
-77.5232547101786    -1.3604131579411616
-76.37244559096217    -2.498090911387263
-77.04999276141439    -1.4641710802915595
-76.79749867509122    -1.990400546392212
-76.30606585948192    -2.145381288674626
-29.932512171245435    0.016104865894372523
-29.779932811834044    -0.23421363618774016
-29.9825129280768    0.10678595367268344
-29.709495283727392    -0.11257309094121414
-29.966927689260785    -0.059947077446862194
-29.69156222905997    -0.12238783831018507
-29.847022331614426    0.06014565362863342
-28.92835222756281    -0.5421116139163058
-29.020789367084546    -0.5630797103783456
-29.86482268498412    0.07881498584617029
-29.67541878451084    0.031176762347849094
-29.727217514247116    0.12085000475641099
-29.787061915675338    0.14805828844912014
-29.241849029367756    -0.5096306969373302
-28.921219581129492    0.1181309495809003
-28.731915833979997    -0.0022584710758111167
-27.69736494340617    -1.1834480465049866
-28.578929955059095    -0.05221378080469403
-28.646060662637183    -0.1537109454301633
-28.981999481877608    -0.00931695552414675
-26.568704151039526    -0.7123366277725318
-28.674192792441715    0.05166316106038775
-29.367986980000126    -0.0836910815464621
-29.416741984782618    0.025726931320095483
-29.56838606385429    0.19326373589625953
-29.21028358642502    -0.12959974196672933
-28.575692217020958    0.18860177450624646
-26.87205570694732    -1.1473893797211328
-28.930315722993726    0.011148811502481778
-28.817375436866598    0.042638331495615404
-28.108826439277834    -1.1520210623712244
-28.993902380293036    0.13360014557833583
-28.9670473621145    0.22295986119855357
-29.099700911495518    -0.11244797271705893
-29.046283114766425    0.1357507845103621
-28.752484833768676    -0.1407939604488206
-27.22122375752349    0.022053098644633826
-26.2013158935801    0.15744619167416032
-27.353279688102816    -0.04503492093245746
-26.10053724298092    0.07616007092176394
-29.196873365883903    0.2440216794398517
-28.371015411288113    -0.08217735385091035
-27.071448762425007    -0.03922460527495442
-26.347972259808103    0.0644273318506643
-27.903618136158514    0.11992962106072659
-29.84932878899025    0.3912694543672992
-27.598799568879542    -0.028817768990757553
-26.643611428957342    -0.003425378208644418
-27.18530198587132    -0.46504051667863405
-26.719648439539185    -0.1275264250871218
-29.83141268672938    0.28724974551317994
-28.04237696049296    -0.13861693381106524
-28.272641710011953    0.09097883867539898
-26.805439484628778    0.16003515515081282
-26.758561903236398    0.05274286395077069
-27.55026528024206    -0.08835837051639692
-29.924781618917393    0.9658650683461513
-26.48422523657473    0.043954847013322904
-27.67730320385965    -0.0459195653573821
-27.746250069848827    0.13433542667914702
-29.57450371315025    0.8172817251567654
-26.48248648178145    0.046064977633703506
-27.942150871484728    0.024205742389598484
-29.47806484508675    0.3380573502469578
-27.927486818351724    -0.06761287557423871
-26.73907800917368    0.0768283080113254
-27.363879482325217    0.09995870035946863
-27.758015613434566    -0.06589105714318819
-26.2832643832773    0.011003473099336927
-26.827427869905478    0.04760053489074078
-26.891801097729683    0.09095736397813688
-29.902928778644593    1.4938277039642625
-28.76150173007028    1.2957708975249433
-28.408282053663925    1.509400229152269
-28.580224784807285    0.22515374879296007
-28.38851152444198    0.25414828045143956
-28.476610909219573    0.3147915745829604
-27.8328089143572    1.431212364421503
-28.20955272504733    0.288091789724954
-28.755848835902555    1.1909961156844584
-28.202321490228258    0.3364069520560132
-28.510877718086817    0.4540360769418212
-29.57402494149312    1.0040969898203198
-26.102029272350023    0.31362090536037796
-27.689324325336884    1.071045635330191
-25.72810926981913    0.8147775907401317
-27.99326655229629    0.24141210003815822
-26.389085875601722    0.35915840145412203
-27.605157339323227    1.2061728579233404
-28.184342990013874    0.3854549335986761
-27.58958623923769    0.43485295447114386
-27.801448744742004    0.9199970743613117
-26.555572172685743    0.2547272483355086
-27.866282791407343    0.3092402946525947
-27.163483810694743    1.5789112254607913
-25.9854797145386    0.6963802166384643
-25.892270870917798    1.5213513208165197
-26.011916535736304    1.5335276146202008
-25.788065581805483    1.3763734470061748
-26.485309316024882    1.0688335972142644
-26.833004349845396    1.3736025962509752
-25.962054469315547    1.3257661550637383
-30.118443270494822    0.05473999869500272
-30.02186245396331    0.020548438556223913
-30.283140485872877    -0.9009599518675635
-30.325478361946807    0.26885112298481584
-30.510930638072523    -0.12816334100519614
-30.728858485604235    -0.18884074476635535
-30.497630223506235    -0.06603458139100465
-30.242362990092488    -0.8696130814543237
-30.596315378497366    -0.018507097099500994
-30.240249006343277    -0.11795834220772257
-30.629323071318368    -0.07138276230201668
-30.08115549702552    -0.0189628821835938
-30.17616549391994    0.11725690413019753
-30.740187051069256    -0.28718841618462443
-30.13608923960942    -0.6140072359623564
-30.43536734786045    -0.0482625356662887
-30.411779131263074    -0.05045056966165075
-30.678010826094237    -0.7875702160235826
-30.136407516299812    0.15606372468188198
-30.034184803383198    0.5505810809863617
-30.15336043136358    0.8568031315327549
-30.003042904045458    1.171093348139595
-64.69211360783589    -1.9025627870527844
-64.29063110018438    -1.8160911786444307
-63.99182868581704    -1.8964975929965642
-28.720886797086052    1.87814617248426
-29.278432525792027    1.8311590749196462
-27.16654751644529    1.6906225367663668
-25.575546918429552    1.8530435628368924
-25.316796525946415    1.8832267304661205
-6.749535484187504    -0.5409021699339052
-6.595397132799292    -0.5260443991607838
-6.663293981325694    -0.6854116328539605
-6.426065523482123    -1.4081511982237898
-6.7521334677536515    -0.5576529509832221
-6.155482286095946    -0.8225218701456277
-6.562926630567802    -0.5117880739073086
-6.20648424506885    -1.0652097218406074
-6.562082193557671    -0.2091280793025855
-6.917723384520798    -2.252208371933668
-6.540108621308491    -2.10574333774165
-5.311966750730392    -2.276940548790463
-7.264990448353387    -1.8068997669893099
-5.9096107523068895    -1.8367326515120617
-7.362535689594665    -2.0135521646254673
-7.300416783116248    -1.448348592324209
-4.086455240856424    -2.4702764866171014
-3.0754368538189283    -2.4515662510394645
-4.7905941980426405    -1.5298952648280801
-5.019162891667008    -2.0267690129897686
-4.832309335626519    -1.940352797688318
-4.374395866800228    -1.0225107164698222
-4.912071074244238    -2.16846663295452
-4.595774595968123    -1.16352389306638
-4.714454269358384    -1.7977300714059137
-5.003375326826813    -2.0727127283485713
-2.7421244976837897    -1.2553745051342657
-2.9817287423799144    -1.1420645593926546
-3.1988595145767817    -1.0573672165342678
-3.4284858960106703    -2.09097823795432
-3.021086707346001    -1.4553377380438512
-2.7412085798843577    -1.4618759981249485
-3.7576983205738657    -1.127613865606913
-2.6127454195722635    -1.131786740172833
-3.3472330566420965    -1.9428896878954538
-3.34599254705887    -1.1264685056123847
-4.057968363310522    -1.0711687501771916
-4.132945474258861    -0.981397604822913
-5.5945145734842185    -0.8258836265245183
-5.244134827538119    -0.6636169021095485
-4.891114772964045    -0.5957654013505458
-3.792542448794279    -0.12197600133389071
-3.4226636134915793    -1.0949298497666409
-3.4501919254125823    -0.6981347629290711
-5.517342154209018    -0.6695814550170645
-4.679480108393761    -0.765632436790898
-5.479331119794097    -0.7995029778022473
-4.938735520223588    -0.6695149505375535
-5.225428718975422    -1.0730644162398355
-4.0013936677368065    -0.9046604192876662
-5.508367583738618    -0.9412384913580606
-4.174997211430025    -0.5737081981707128
-5.478941725242635    -0.752855093542831
-5.064275527404675    -1.0220579221539774
-3.8216894545844298    -0.3675342303903046
-5.3088967756448255    -1.0211331905784946
-3.2520845110161076    -0.6015519347151296
-4.928204124649255    -1.3220181422859445
-4.871108295667057    -0.7856484872062767
-4.085540131296682    -0.48473666988176434
-4.802511368292471    -1.178358244275419
-5.401170387922093    -0.08738839289075236
-6.044340825647396    -0.7093809408611642
-5.626830287611995    -0.706186405388998
-5.468648911221919    0.4489866567563733
-5.1979726970446904    -0.2353469696508662
-6.2389664177410395    0.082096222828042
-5.862693568403131    -0.7326452978565329
-6.080970756815702    -0.7129651542197648
-6.203804430364983    -0.024225613583729214
-5.909437110053489    -0.750009838186415
-4.121565852820197    -0.11133647888146019
-5.6899990586254034    0.8421489003241808
-4.275020040463005    0.08950602442977638
-5.6092180061137356    -0.6121716279071052
-4.4470363990776605    -0.2989641289626524
-5.126272710307205    -0.5003935515497677
-5.535472801048854    0.2714324806531187
-5.726007836365454    -0.5069161422677133
-5.156691338709152    -0.5607194579037064
-3.7080390461713364    0.5356099381304005
-4.98915032905461    0.07260103877565575
-5.044316114869559    0.1985270823352548
-5.077074505255155    0.7678577958958358
-4.772285549702531    0.8780847357877035
-78.60387859424088    -0.8322956010211172
-77.06842222688698    -0.468682477038977
-76.31579103177108    -1.625832326350631
-76.49284701658178    -0.48499311573238485
-41.81461136282593    1.8827031698833434
-41.72152211310686    1.8396318266610892
-25.53228887026421    -1.3046311042782082
-25.361793733263937    -1.0906624000971683
-26.178057910739028    -0.9759279693612771
-26.387950428327883    -0.7384647917442076
-25.179737912660414    -0.09022134302417999
-25.035532830822547    0.1215118934279251
-23.927091501355108    -0.9914674400323987
-24.560559745292494    -0.11245171690477619
-25.100853877563054    0.12426049385188999
-25.44783367176609    0.08252775129193374
-23.819912275655383    -0.01349407597378688
-25.36882970504064    0.11248218439380857
-24.402825812010235    -0.05170170457148296
-23.214924009618926    -0.981348730469518
-25.10336164542582    -0.0944371639376936
-23.806351706432963    0.09230825089415906
-24.391087240913976    0.09942901747019965
-24.16955083420754    -0.0666609247274336
-24.546657858644494    -0.0819629671087972
-24.89246962073105    0.10982955190090427
-25.302329251023707    0.14089209664366167
-26.12658687466029    -0.19282942221703023
-24.82253455791181    -0.20873686493200366
-24.637795923849808    -0.3591191151704063
-24.977739148358182    -0.12168172051336128
-23.999098330778963    -0.061458510362392006
-23.96736769588796    -0.04519609478612767
-24.056491055315007    0.05934016869857945
-23.92160448830242    0.029894888468659314
-25.69625657438911    -0.17849683157995283
-25.85490977685373    -0.03998500837311041
-25.85321996460459    0.04990994227055279
-25.816746243924683    -0.03369576203195999
-23.30233605688892    -1.1231341195943587
-25.959921471076996    0.06271891496915345
-25.4032716239617    -0.40843424024164454
-26.0872720905042    -0.32147843581322527
-25.71030481138797    0.02951079013036214
-25.85680231113389    0.007587653036124917
-24.827606867685006    -0.0169750868250743
-24.713281780453542    -0.12824577352235994
-24.21897903786305    -0.9753112202389569
-24.219554635103975    -0.08702856926066163
-25.482164472142586    -0.035902621394586234
-23.68660663956308    -0.015766972418173795
-25.08116241537539    0.24790754347336447
-23.016931654840846    0.057006226402436196
-22.641831975481693    -0.12239971981900465
-23.141042420875294    -0.046268078749523496
-23.639148959989598    -0.09365947662832391
-25.118263574096773    0.14955467989286966
-22.778484663262134    0.03386706413765322
-22.48514459186879    -0.6379987756605562
-23.489185376784178    -0.010704951410106064
-22.53613830052143    -1.1172947680119047
-25.637684281691634    0.3854511459122955
-22.49313480258303    0.0987562886063458
-25.393763415232797    0.15292806872943893
-23.24896478953241    -0.26864296637048407
-25.64014890349847    0.2924825851989614
-23.49114843068901    -0.06800547056374366
-23.261697472989795    0.008717828175107583
-22.296734807137966    -1.196583684766142
-22.174589918915103    -0.07867596994619253
-25.64278635128869    0.23210978338586666
-23.439685273991188    -0.012942930502277804
-22.951454102488356    -0.07986057368061415
-22.018001930115588    -0.23403684029164795
-23.617262760027586    -0.06989064707993069
-22.733597909608818    -0.044505860979757464
-24.78262248208415    0.24265314125259813
-24.402602746005186    0.2310321717548312
-24.806650907825258    0.14519982449377783
-23.415264838387657    0.9258041597409645
-24.97225160123918    0.8121845105917042
-24.882759499110307    0.661644566420281
-24.18321390987171    1.2057724541562822
-24.855058355444044    1.376127615980411
-24.210052482791127    1.3631131776251852
-24.64030147883949    0.15016344666996587
-23.691838430875464    0.3623687463601674
-25.033531871875937    0.9820362828197963
-23.343272422707685    0.887992329472548
-23.597023225226394    0.8814954946154828
-23.898804818376846    0.4117841024515089
-22.931160478740082    0.1446514361022836
-21.411183742954563    0.6031912752049919
-23.30097013617018    0.48793792798821733
-23.43374882352049    1.2375527547979919
-21.491051817025607    0.6912603188871389
-23.065963034969172    0.4917641851427437
-22.55783821117967    0.18025712466115268
-23.133177452072232    0.46611758797462277
-21.2394697897916    0.6680244286892381
-22.165802111866924    0.11851182864990085
-23.642628741683893    0.16545364492540587
-22.689742678655705    0.18057419316101597
-21.731995731644986    0.32817401217688463
-23.049137082229606    0.7246803348504716
-22.795521991896464    0.3650675954401764
-22.991599886137124    0.4715845121509633
-21.963551737270507    1.3444355562938242
-23.116278541686427    0.397222006765861
-20.954055600821334    0.9663164629989206
-21.18654243641231    1.47224081320321
-21.528800541430883    1.313596032019286
-23.657398377448487    1.8480784900329406
-22.993629047215563    1.8158451534507567
-22.186154047966966    1.597154807462962
-58.6852264606062    -1.6563509774379062
-58.65568707684838    -1.9516992807328772
-59.72647021695104    -0.3883782619173005
-59.95607076281425    -0.30660346373176683
-59.828025893379504    0.06811019093521495
-59.549679105872485    -0.7984388958943421
-59.15595132864718    -0.2950153518572289
-59.961836502603205    -0.5716432692328414
-59.89542852895437    -0.7496157879646234
-59.91100218781031    -0.7145106135792478
-59.79531770673901    -0.07421625005068402
-59.74504508568111    -0.6435203194726629
-58.05238970722189    -0.7730531685831706
-58.20236366736691    -0.27771785969185614
-57.66318964887148    -0.7902738927025761
-57.63771469176305    -0.7171146648649629
-58.38352478405017    -0.8851160584869964
-59.12423088968211    -0.8711747295031659
-59.28177055876375    -1.238222176425188
-58.9615827748176    -0.6104594974003654
-58.00481691561731    -0.6448544469167296
-58.941150158360244    -0.8752271263891824
-58.924521638702856    -0.7962672578408347
-57.8432277734708    -0.6959040257244979
-57.748032241458645    -0.7898285701053458
-59.11499766800364    -0.7345454132299372
-59.03071737238366    -0.8308601284131896
-57.930308618089725    -0.3174221220139693
-58.10330788091193    0.15309629778812628
-57.64807283150168    -0.6392997123245951
-58.14393233018785    -0.5394921402203684
-57.876806918857596    -0.5669411056956266
-59.78944149856545    -1.7363939533208255
-60.19048364007108    -1.1779749872253464
-60.52629562953325    -0.8577757892659527
-60.92886256220254    -0.4401298081193446
-61.031555483876105    -0.7162572045695383
-60.268864413632855    -0.6163646989865345
-60.23365904527424    -0.2731051131654558
-60.5844892915801    -0.28140074856184405
-60.15944719715361    -0.5306044823607952
-60.80217622742026    -0.9072775523864007
-60.921673465393496    -1.083476162047994
-60.967196393900224    -1.312248995484672
-60.18680724381869    -2.2519567956167412
-74.49837713310149    -1.6922738163395783
-74.6119006332637    -2.005026338372044
-75.36226653609407    -1.3419619929285052
-75.09968762238822    -1.5191444253586248
-75.02136718960571    -1.583428122536197
-74.73831791779571    -2.142953719973816
-74.92997511004728    -1.5300190740935034
-75.44460044912444    -0.9396365994413609
-75.71472709170678    -1.0037434796199947
-74.34244196959855    -1.5985890033315773
-74.29037448256423    -1.1061326239912452
-74.24381474580315    -2.222504671232452
-74.28825017558836    -0.6636323743733368
-74.53589617016934    -1.0087916941711692
-74.82638574958696    -1.0134712121763383
-74.61645236428916    -1.037435938534271
-74.05026063221806    -1.8140663831966288
-73.362546519955    -1.7899605546806865
-72.85565247635077    -2.460604060576776
-73.09051460512177    -2.5621745226611576
-73.6202085487368    -0.9165173761922475
-73.83715835745892    -1.035142757477463
-72.42971581737078    -1.5103258007362583
-73.08072761883534    -1.0142055693415095
-73.07145599060755    -1.6916271670889118
-73.07621172156547    -1.0848089882806378
-73.03976882923757    -1.4600198510338152
-74.03667826996895    -0.7472840771568173
-73.70586405334183    -0.2521162144011588
-57.20976644101853    1.1148717698992214
-76.07684525334088    -2.8008171488397706
-75.97093035669394    -2.181174116633173
-75.59553909873216    -2.614280025902464
-75.06136408385134    -3.4272612924544834
-75.58153675853072    -2.3484758443305696
-75.73747798949563    -2.163125021917974
-74.58928369655075    -2.3587153123166886
-75.44788308611209    -2.218894230814189
-75.21021242554394    -2.2141729583103835
-2.4583846322628347    -2.5343868427017298
-2.769290080261669    -2.4605671163393916
-2.758183250046386    -2.232605781210044
-1.683136922650192    -2.493494330907022
-2.72633289609837    -2.308146024021719
-2.2575401315762065    -1.8827841766021574
-2.3929007240948295    -2.137287169489693
-42.01936352417249    -0.21343684188865317
-41.48014556475016    -0.34839832869355025
-41.01122062381074    -0.33327032113302435
-41.53280832129599    -0.15797065321652698
-41.02361486216961    -0.36841452937124153
-42.11606039808299    -0.6179008319953185
-40.69323023990461    -0.2239447095803734
-40.47131020646043    -0.3012053575771007
-40.38368397436585    -0.527681421502799
-40.053731513522905    -0.21154163053673156
-40.16305625866818    -0.25795665342252927
-41.27339906777814    -0.0749900593107357
-41.809625918551205    0.9292821996827951
-41.36032756931638    -0.05710887374055303
-41.72656216918733    0.328389969228979
-40.99403024075178    0.36748576739823086
-41.21798447970593    0.30054898081295967
-41.1627984557183    -0.1387035013127718
-41.94412443967525    0.19043414989952795
-40.56855304477108    0.15565426980108532
-41.033993012643975    0.32784487178198946
-41.43759485308169    -0.08655775786984893
-41.02236202066916    1.0864404919111854
-40.04500920583109    0.2616563965326581
-40.05629848174317    0.18053276881899918
-40.17714835333578    1.3453241238877673
-40.15814166609198    0.14874917199659252
-40.94983491558264    0.7737932289057853
-40.17775868047215    0.2370797811691043
-41.19715654428569    0.7542761498268417
-40.91754800751261    1.4585185574162105
-40.001769244931495    0.7696621441327602
-39.458114344792136    -0.26530644181412344
-39.98393835752353    -0.8498146604036784
-39.58944280313847    -0.7470693385338165
-39.816836660667434    -0.6438922959055303
-39.140440387262345    -0.8583097920748287
-39.818988539737745    -1.3298473095273367
-39.56258699103665    0.5627430805848892
-39.461512743666674    0.6171115151857188
-39.63368164375373    0.5347593758255039
-39.27948621339493    -0.10078153750678351
-39.3507183300415    -0.08000357844498253
-39.697223554457025    0.3851787569987732
-39.41369185986417    0.06332549422590492
-39.42217000378969    0.28689488646411443
-39.676216800633085    0.25188899737275877
-39.57343976959544    0.18828511960943783
-39.577753043581254    0.04839884367872705
-38.76085699451943    1.3663517562224572
-38.61956571510564    0.6065409466436582
-38.390630697847655    1.063661880250811
-38.52402739047926    0.10809003624400752
-38.705003602620934    0.3165374303108582
-39.96561303222461    0.9674324554915227
-38.98014680263162    0.557498962918346
-38.26978721723202    0.5513439818129281
-38.70583408640056    0.587408906623399
-38.89492972754118    1.1844033392582451
-38.92287006692874    0.5615176721912704
-38.4038675149211    0.21710915006774018
-39.463442220692116    0.7720451763705816
-38.85595331314653    0.09846155591434486
-0.07655005261540282    -2.725034655928264
-0.4128440311467898    -2.6455097460417174
-0.7930845367380357    -1.5130396340705348
-0.9223209777908323    -1.2268695426200271
-0.5315084890946196    -2.470862381845961
-0.4431756793924819    -2.3617452614233736
-1.0459199920726974    -1.5404827052868029
-0.5355286539106032    -2.209868989206906
-1.2184248075671462    -1.8556112129151585
-0.6333869118474809    -2.576992734731834
-1.0093325358382685    -2.36567705569156
-1.384028144539002    -2.266349783606994
-1.4375484382122181    -1.8836823585041576
-0.21416511339998578    -1.7553904008715493
-1.982417518526745    -0.9714410088978234
-1.1627441755730956    -1.4815439221493276
-1.5070285925316966    -1.3582960366402899
-0.24455033263325276    -1.0436601055711823
-2.107255314472411    -1.1259575243123725
-1.904356751713749    -1.1880004366357353
-1.5391769201215766    -0.8359531709947418
-0.7054834867000181    -1.128534354991925
-1.5538582319573493    -0.6780748223844775
-0.3078364221879042    -1.4959137890242313
-1.9762027998423832    -1.0525335389317585
-2.0972828739296006    -1.1355035124622854
-0.9190702947454383    -1.114601083411742
-1.9709900953208148    -1.534497683845092
-1.861934299541872    -1.3263009008094415
-1.9622614386948953    -1.1480019918391984
-1.219771673017533    -0.743508660954686
-1.738078941359845    -1.0046240757666793
-0.7852262986667142    -1.2229098495711375
-1.8441991461018006    -0.9869461311063028
-1.0511505211993608    -1.3893708049041835
-0.6291922750813228    -1.1398846191689362
-0.5188408215396407    -1.1363461978196034
-1.5599522073341632    -1.4684386392409223
-0.5204544571063252    -1.1457444170988205
-0.300534325008357    -1.3071136319180987
-1.983220745683525    -1.3862850604386103
-1.5240016340709417    -1.480002868714587
-1.2560523295352368    -0.9499781920424922
-1.138269125844431    -0.8147526232259447
-1.767319788109603    -0.9229404110112129
-1.635980217361407    -1.2055420466008153
-0.9469910298406035    -1.2262519552818298
-2.143733673667839    -1.204719274873529
-1.7811114515114355    -0.8236873822369448
-0.023734918856121112    -1.1508637599608464
-0.05801757939030949    -1.441747819825909
-1.8814189479904257    -1.0262439456096901
-0.284631586585931    -0.4292084641734059
-0.3329184190296246    -0.33485580086157485
-0.7440517257029455    -0.06156767680837976
-1.0977444527092075    -0.2207952910414963
-0.49682815480974796    -0.8990525218851805
-1.2533763342063367    -0.5377188830768183
-0.09428489734449386    -0.1861671198913032
-0.0951050573993939    -0.8164348873095476
-0.7685870396047676    -0.20934646994417352
-0.27109515842983    0.11646264048792025
-0.7846471616929875    -0.629110283065156
-0.5472045142456636    -0.17689538281971676
-0.0038780203965984583    -0.01662253631608442
-1.0335385549608418    -0.5065644379895988
-1.0333525391724265    -0.8980329425117669
-0.7860305109548449    -0.29662898444767266
0.6120705361965975    -2.787777149338586
1.385435283875239    -2.5542282079375265
0.3587519858966459    -2.1159610262057047
0.4012240387192776    -1.8736313529293547
0.9052992233096404    -1.9645444252851019
1.5703005189438102    -2.492076100288514
1.3906585607905981    -1.8707612757840029
0.14475911376069917    -1.8175423836320461
0.14630584408044456    -1.6088888215705708
0.7447846366145257    -1.5631074043384425
0.9555889307418965    -2.101253740900118
0.9076196973288972    -1.6847688209543685
0.9206481265172215    -1.3925808996428881
0.4354911941859143    -1.3110090307125986
0.46549954573555397    -1.1897045752087991
0.7854618420053328    -1.3158486120479804
1.1709698604434209    -1.6348681284690683
1.1069509042621064    -1.6153312051607671
0.8887937161800892    -1.2448394603443476
0.5384138605365365    -1.1602165090206877
0.6077884692095381    -1.0683593272456509
0.5480835802724471    -1.0191906009987177
0.3513909785395981    -1.371505446983358
0.9928028090501471    -1.473379033493422
0.8154211943742098    -1.110103286477479
0.3169491134275404    -1.3292764445975849
0.605413670304614    -1.3615820028021437
0.1280535145181716    -0.1435715335984432
0.43008763549852347    -0.8629056898120314
0.3861432572659851    -0.9919307425937165
0.4078313350740075    -0.924479497716265
0.2179244169208232    -1.128611530502268
0.15453909883618167    -1.2788092512953526
-38.066966410886494    1.6766995695687033
-18.473026137986835    -1.5118619275332255
-17.540378274432783    -1.500064401178932
-19.29473493194729    -1.2711265581308577
-17.247658996899247    -1.2124262865579336
-21.576504416975922    -1.4475621319538012
-21.70675204892575    -1.435087885031347
-20.62161633129773    -1.4615996994250773
-20.320259929663337    -1.3428998737659397
2.317180183847711    -1.4298450100906417
1.5083639614452693    -1.5109035641740254
1.6610548947638222    -1.6471360815880154
1.4713634025759177    -1.7151431807675284
1.6950058955082454    -1.7098857837820065
1.9857357574449566    -1.3752686608560203
2.1220521016422254    -2.131025608816746
1.8250233398949263    -1.8537158198612949
2.0409636653780865    -1.1925485931388764
1.1453417761215121    -0.8732749412096235
0.808572768773189    -0.4581514124018463
1.9859474664693266    -0.6306507191642109
2.3486377214875063    -0.7842960516084702
1.4538413066247529    -1.0823964589174557
1.4251162423309722    -0.9709346819521856
1.116498443777175    -1.2007495401018633
1.7444513720251678    -0.7969442887860029
0.9280109548778057    -0.1381448756682812
1.3582694525555894    -1.2924190824762576
2.655786568952152    -1.233300154945717
1.3071322411210247    -1.2449896394215014
1.4205388277108568    -0.9096045496656112
1.4191855595794323    -1.1617890680009912
0.8606948931885086    -0.3185887478306514
2.3127342686883594    -0.6537256990337613
2.379296565650975    -0.672583476840249
1.1185934996935316    -1.0672471727147235
1.0734613191140738    -1.1652484720206358
2.88960221456864    -0.3836565765935227
2.7682132790720573    0.26422139446804777
1.8694221241563866    0.2952452425722985
2.7915670469030545    -0.3491262585456738
2.527510729915946    -0.411465267413413
1.911227267569359    0.26518567099925927
3.0943777795313565    -0.32368623942714864
0.6485465340533096    -0.3248633457422605
0.39308129783984214    0.1152951286586539
0.4445778731321468    0.2631386154610031
0.6069932411929244    -0.5512777065158472
0.17005399468541782    -0.03259749642130287
0.2535283798655428    0.4351948759469471
-19.821728684208324    -0.9034324172451021
-19.801921136983083    -0.2763385164444552
-19.672764334868248    -0.9932313250927108
-19.73186337288695    -1.2380317933401042
-19.07333046436281    -1.0339210000590207
-19.245475000826843    -0.7485548994487
-19.29793702307063    -0.2013800255321779
-19.430134736265416    -0.06860863678275239
-17.429326479360554    -1.070824458637589
-17.451616998751945    -0.6033733690273826
-18.527489305617223    -0.9035413275078886
-16.886281734785598    -0.36263329764923913
-18.269211394141735    -0.03861775097110136
-17.31361899576126    -0.14545235795787587
-18.225995971014925    -0.24655267223709781
-17.38840209106087    -0.2627271248022241
-18.10063629902527    -0.16840725192331352
-17.039163908420562    -0.1308860826618423
-18.36225728208666    -0.024972713462364345
-18.104757597277683    -0.07726561787403209
-17.717014521478063    -0.3717657879977317
-16.950772213159098    0.09841401641959095
-17.547227593044113    -0.23434140150840854
-18.199456834503167    -0.2339399863320067
-17.02848418530249    0.05300985693025294
-16.585720522581028    0.18704078416932657
-16.95899146582309    -0.3998185153227851
-17.899898116337397    -0.06746007815579094
-16.980845553745212    -0.047250741237957465
-18.814674189565665    -0.07015470388497161
-17.667186366433327    0.015032262624314684
-18.97227578427851    -0.1280241792537943
-17.158049115771007    -0.09535143245215509
-16.624366653584048    -0.06127976916513841
-18.518126189128907    -0.4343221392864417
-16.9681517390228    0.1066938808351799
-16.84483060830422    -0.062372731478068454
-16.908671927179682    -0.17499923990817012
-16.907109038760893    -0.19559319856057508
-17.138477045733566    0.004864375306738676
-19.91365079619959    0.7648460198169418
-19.20357329666126    0.28712360405789855
-19.425568270771123    1.151377155597075
-19.340218452084287    1.112089729024083
-19.332365757538128    0.19514612256651867
-19.038286394731756    0.18671317661119102
-18.113754161452846    0.15734771186456886
-16.493254653081294    0.5543970325689834
-17.812753440611573    0.9268868929066975
-18.3250602124279    1.3990577315023232
-17.318879805839344    0.21592229589740386
-17.386427473718754    0.4154360933048491
-17.525687478031557    0.7684094243473494
-18.22161677842547    1.5059265960311488
-18.251194176083516    1.0010158932635091
-17.753775716500172    1.3453316217884081
-18.478554729757036    0.16740058158245005
-16.014876539608736    1.3343956680351523
-17.339384813429376    1.4871930916087688
-17.872358464054287    1.4602729455061276
-16.436981098743843    0.9046313227182263
-16.722857053127598    1.201418517659362
-16.687983146084775    0.8778615325110274
-17.44879651667452    1.364039398714644
-21.67086034766959    -1.0045601714126617
-20.799087588159807    -1.0255905492480155
-20.90180910270533    0.04945911365036232
-20.06205449864558    -0.2731539217907905
-20.15967749639117    -0.3981512171979104
-21.02375204612423    -0.7125722855735593
-20.437741390410622    -0.7328293225900366
-20.97938666034537    -0.20554609650979633
-21.101906848802912    -0.21621831430237218
-20.126835230113215    -0.7170760085754027
-21.245677131615764    0.08635722268387784
-20.982829461796655    -0.5584168876705021
-20.134179887014568    -0.1660296034037094
-20.219376974563716    0.6867232460959191
-21.205252607279476    0.16146719242930307
-20.05780158186684    0.29874785406574733
-20.21466433567514    1.0657765258024112
-20.40956626148062    1.4511869841201532
-20.76556374166171    1.1514287354563126
-87.50688739311943    -1.9880442208191247
-89.27060126319185    -4.597169808110892
-89.83304838881617    -2.7126698036610346
-88.32052775515524    -4.398955884783611
-87.74109111380943    -4.179737560698622
-88.14848257185349    -3.6125458906342507
-88.36230054613799    -3.2297815066593807
-89.08129361524033    -2.608265783893834
-88.90488649749523    -2.7876747486571776
-88.56123377547709    -2.72145873330519
-88.40598861065291    -2.8591172144399355
-87.45621435747086    -2.7139665071699315
-16.59658749471788    1.5851373054915998
-20.491020713035198    1.5404018057704056
-56.36670775319254    -0.5906543171391319
-56.604962778563845    -0.7551706113277109
-57.22462042588393    -0.8905420599444097
-56.7012867541377    -0.5695778338417916
-57.22427095453668    -0.9001060977779435
-56.58119790461586    -0.5016519492474135
-56.371392578619464    -0.6678371092542756
-55.74863337523931    -1.2793999226548554
-56.222711906027314    -0.34282950489536695
-56.248647003070516    -0.2683649730499903
-55.978207692343005    -0.227335164130277
-56.42536691121188    -0.2193923356004523
-56.5677994235686    -0.3083755589382109
-55.746254630002    -0.8721086041850835
-56.31494633491451    -0.30944232141679334
-55.533590827008425    -0.3412657551381228
-56.5685508640334    -0.16594564527504133
-56.78638765720086    -0.09696747820846861
-55.58328178117654    -0.6190829639407242
-55.3751799559858    -0.43683576897386284
-56.506331419295975    -0.1374420404509156
-54.02089980529712    -1.460099726050053
-55.15229997240942    -0.5339236965622268
-53.66373855152773    -0.730442891726985
-55.090243875083104    -0.6710944033537192
-55.225008432604284    -0.4131855345495364
-54.23117195358407    -0.7222518590772588
-54.440938542172944    -0.6538185557230082
-56.67481737617476    0.037447971456061505
-55.240640665113744    -0.1806467710082499
-54.76225406038492    -0.13755437290444347
-55.161282166674596    -0.08003385595180611
-55.17514882477883    -0.10673967277290303
-55.9342506412255    0.3177220189201635
-55.178340224361705    0.6799671784480215
-54.893052199529734    -0.35514037214179883
-55.21905031559629    0.20122226294247436
-53.542274141057135    -0.3479410377766881
-53.55939920647836    0.044181290388316335
-53.82547681040933    0.37462911514276986
-54.058203047958955    0.28715304435547334
-54.37112508628314    -0.3415070226900724
-54.56064983743096    0.35167991297521306
-54.433390065490414    -0.4445912760778057
-54.92230203392671    0.16593454549584957
-53.69242409701536    -0.19363565971495064
-53.76445400381732    -0.19944177811911454
-53.886200389480166    -0.20717409058875716
-53.41368916796472    -0.04649664685872081
-53.69123356010027    -0.3462832759334169
-54.30788784521866    1.240683585302863
-54.34601894113132    -0.36837196240932474
-54.047902366552535    -0.18672434247703426
-54.33598706914495    -0.3487834646146854
-53.49128134186287    0.14824615268891522
-53.86147263109734    -0.2862270844176948
-54.406194069492926    -0.4116045954003844
-54.76768362644793    0.18825142424065563
-54.070446110879516    0.05397041965994703
-64.40737715871961    -1.0320627683371553
-64.00243516031549    -1.3684360615187432
-63.87897818798325    -0.6980094659254188
-64.25002519508809    -0.7623451604377041
-64.2399772976932    -0.9691340876647272
-62.96969155779942    -0.9360920903786715
-63.37420992250185    -0.7088752129424788
-62.93359947725196    -0.6396550737828482
-62.91392248928497    -0.48120563915169046
-63.61033293204423    -0.9373663085868285
-62.91734219404424    -0.4423582390583227
-63.06058857167409    -0.7780481685211741
-63.762129879780844    -0.5142851007894071
-63.2778584132671    -0.8103730991495229
-63.9197936377314    -0.06515495276671329
-61.28437033263788    -1.3132193882328844
-62.50901377653037    -0.7831661795817694
-62.399620124366095    -0.9186143804923291
-62.51259606289591    -0.7170268346928974
-62.62894222663948    -0.9432516496641403
-62.040836245441994    -1.5003406136557589
-61.77020121448578    -1.1618419580054844
-62.05508791804294    -1.1132580886183798
-62.278096287228436    -0.9186033107513598
-61.732439666846005    -0.6128494358590376
-61.71633473024684    -0.6834636179165856
-63.35758993559057    0.25713629427565493
-61.586498315663846    -0.8544451193275585
-61.25271164236352    -0.9630969975561341
-61.55335613479622    -1.0479136765580157
-61.27483391794965    -0.7731426622378968
-61.19756985168192    -0.38845831796109775
-61.26958889766621    -0.16887747261911806
-61.058194521310156    -0.14966010017192982
-61.40772379411618    -0.356217973890377
-61.3873588492375    -0.5811990381774336
-62.25496535365113    -0.05987129225916138
-62.25165068839914    0.2210184708429775
-61.37983221342438    0.5347764239530713
-36.76143449657644    -0.15266046178272927
-37.35199969701591    -0.0949590041050885
-36.94643230762176    -0.1717063712200485
-38.27765625185543    -0.23779793506519606
-37.99987241285572    -0.13436028023673716
-37.53988513728791    -0.3424307812201198
-35.036942108834126    -0.8583427006618669
-36.35009956034111    -0.15974541861467043
-36.51202475187421    -0.07631604471061171
-34.77622650443317    0.029460833403271613
-37.75835834898953    0.06112419353034143
-34.99385258398729    0.02196424448331037
-34.9489245361969    -0.04518399319862762
-37.47987920166412    0.7113953572713312
-37.01571189475567    -0.049746630594263805
-36.99329822334414    0.19134304000427588
-35.20898578341655    -0.1957811971260884
-37.98157551747221    0.11699706729787553
-35.33981662885617    -0.1462710299674075
-36.944879436996814    0.3465949601978557
-35.509420724303766    -0.0720647055904135
-37.98677187390712    0.11276812983607952
-36.81252060260243    -0.011250137135049389
-35.76216918053234    -0.18985301116496733
-37.9729850904896    -0.04509372183141054
-36.53580424796985    0.14636865054521206
-36.71632501234416    0.09749350032966606
-37.842887427634935    0.5238033354887256
-35.64724500088215    0.01511789501646723
-38.30762854407857    0.22323903129382874
-36.63494328096732    0.007239358390411453
-38.181645141823765    0.5666523662518788
-37.72491172299971    0.22999389889607266
-36.75937699971615    0.3777899634958814
-37.7940822689431    0.11792393008424143
-36.631912810765016    0.07555835221180075
-37.795953929304005    0.0581576444013844
-37.50848648725474    1.266183519924336
-36.23556386790972    0.5975574372378004
-37.022134159600114    0.9444499213324703
-35.82786839021628    0.1404769270365826
-35.75695439259994    0.12049198333495836
-36.01713729340088    0.0793382139935264
-37.0988545891168    1.1213386413351885
-36.122816380019856    0.200011880825772
-37.528379151922536    1.189626416294146
-38.0349571959091    0.8400986315703091
-36.260721560353716    0.2806750702901466
-36.239457829676496    0.017275299285731384
-36.34841130210913    1.1351787616007434
-36.392623807889606    0.7050052186341111
-37.167050224556135    0.6282533280634532
-36.60239238426783    0.424353505917586
-38.04135951510335    0.7846212074273307
-38.07757172026987    0.8629518147179991
-36.071681426255566    0.275248425425048
-36.15524770529174    0.3089939413282807
-36.262280806797094    0.4601491662102138
-35.82177082187508    0.15890607766666356
-35.863680094661675    0.1143768954685671
-36.667303064561054    1.1910645667025561
-36.446018263408064    0.6930320337525272
-35.52744625317513    0.061187037589252286
-35.16937125802224    1.0757235296542984
-35.04938643517585    0.2131202695963059
-34.67015795155896    0.2166975245759403
-36.17455296474941    1.0489795562987114
-34.75059949912787    1.2381674588527403
-35.371144076988344    0.10779945000807428
-34.901267420672525    0.37606231846091953
-35.16465421651475    1.4101900685736222
-35.33013101690045    0.08677065015274453
-35.29930482070455    0.09751044562155055
-35.4067706891808    0.1499600765650193
-34.5192806123581    1.2222908409937234
-35.29872375034029    0.4605025922671028
-35.0333911400773    0.42064988734981523
-34.94579212819343    0.9184009837559105
-35.06736290394889    1.4510496928604375
-35.718230503579264    1.0501657361069023
-34.76399404827521    1.1348331799657465
-35.07808511418949    0.5101616606885506
-35.19043834886418    1.2977935105134022
-35.02643001602809    0.17033547231852567
2.1468520253253587    -2.9707545159108673
2.0449597610335104    -2.93183114089539
-45.74694333209288    -0.15009208160666587
-45.85963299289858    0.05674269062002884
-45.71253493572948    0.0687169400920325
-45.298776760170995    -0.2800322062429453
-45.1336045622636    -0.2932481826979754
-44.11197412420171    -0.032639757658656524
-44.474084022167574    -0.304507966110846
-45.0559992488229    -0.5554233487327798
-44.56509573123691    -0.8849224510309293
-44.922591817384784    -0.3276397528348464
-44.99362290586146    -0.19926890403812664
-45.07576102315193    -0.23444153954715832
-45.06052276864767    0.02972591195830002
-45.085322859041185    -0.006374833202576709
-42.61542652731157    -0.49356290660408014
-43.858495378153805    -0.3815511569426635
-42.59475497361183    -0.14906419480121794
-44.05788714768454    -0.695918776391072
-43.24830405414053    -0.14418171562240184
-42.991178189246796    -0.21165821803931112
-43.50446048840922    -0.5625538476605964
-43.42674437768869    -0.07419975606604064
-43.63980633526671    -0.11505792318482452
-44.67354760134549    0.34427430994981323
-45.24347697668537    1.0178679720311576
-44.48332661702858    0.48793961586537044
-44.25248999967016    0.36776100406622386
-44.419434896167786    0.4874788367640515
-44.92858990113211    0.1935037254481524
-45.52567007697564    0.27812885902495865
-43.99444119461276    0.18683103534213577
-45.2752229993672    0.2976846689361894
-44.871077232556445    0.22030606763857435
-44.61787764264733    0.7879812448500656
-45.32205153688557    0.25812435045490534
-44.395173165943106    0.6093029085382018
-45.0396582805335    0.7240951595366734
-44.48108268078647    0.31013194852788317
-45.225724628062835    0.30096932008800725
-45.72409783366271    0.17680179064650461
-45.03399115552395    0.1936269007594864
-44.40238400768328    0.8268385075292383
-45.267209588617675    0.07704359470517362
-43.98967938076788    0.6543173656202101
-44.290385363172504    -0.0037740367392088956
-43.1668832536555    0.18599729080132935
-43.67084080860178    0.11623528871470439
-43.301401494764775    0.30978095197706185
-42.35262310338953    -0.019852911762608894
-43.403168477698955    0.1815727142047133
-43.566954646535464    0.49131076317113637
-42.166944922504285    0.2050677449374702
-42.827261807614946    0.06720439439895994
-42.20283001554333    0.01345032397582458
-43.709274592892996    0.009554034775788261
-43.27459811665085    0.31483645626719003
-43.754437366057005    0.6313230492506419
-43.197509240352815    0.02283252960359296
-44.38330658523495    1.1532126043693864
-43.07215957670087    0.24676156906370675
-43.040546187846246    0.22206588243737777
-44.62905656279804    1.488278133930342
-43.77449844855033    0.14241543650690686
-43.8092386627892    0.13977690842322638
-43.51810604676314    0.4255252867944821
-43.335425624621735    0.1320119645181527
-42.80906690079132    0.5157857297139314
-43.53387314589679    0.5488145964563398
-43.79280891410042    0.38707089015162843
-45.12635763005375    1.7075529781284122
-41.90263141411805    1.4897599807238178
-42.11383043767643    0.6428331888862284
-42.413835608532565    0.9744960142761981
-43.26752635690082    1.0326098980223342
-42.79302717465248    0.5914448485310326
-42.39758850801633    0.4447240761906471
-36.36900515027196    1.8921968719798956
-35.89575163084294    1.9454885531518702
-69.9095825661206    -1.4481204447251919
-69.888420847688    -1.351806285339792
-69.78843743159234    -1.4776823604710743
-69.23678209721635    -1.7802287449241059
-69.83314130219782    -0.2465289844936475
-69.229110960392    -1.4293693860451664
-69.84998481098125    -0.856123160975745
-69.3453739877437    -1.0106951992149606
-69.0582999656176    -1.5948154081791628
-69.48935150025795    -0.820250285036756
-69.25256126532935    -0.7556921120547273
-69.62126655300472    -1.0322921516905246
-68.71006007881573    -1.217476156766045
-69.00759364781305    -1.0825612851980762
-68.68646557925706    -0.6511371425926535
-72.01256659537421    -2.47914241408133
-71.63176021698627    -1.748615367925255
-71.59373197848396    -1.956680335191804
-71.35168181595776    -2.1987426372328276
-71.84199835213792    -1.8889555232131003
-70.23505089967625    -2.1734269080902684
-71.28594615284413    -1.1404691836033125
-71.85797725876427    -0.6737380221604163
-70.66557612378875    -1.6944092477224155
-70.86840642705829    -1.4667041513786656
-72.13053816540594    -0.6671436038739477
-70.790647461981    -0.9902592857130443
-71.11370074722714    -1.3500284061336414
-70.45867308429348    -1.4730335175711706
-70.28254832153107    -1.2248049981828182
-71.1513151019783    -0.1595729038494503
-70.31819772831403    -1.5885068906504212
-70.12497811705686    -0.9610023806449315
-70.09545061961921    -1.6898336350909404
-70.10049828968243    -0.2147595427403278
-16.519658581193596    -1.6242949361351173
-16.73723989416152    -1.6545126899020834
-14.992326028599678    -1.6953815662772433
-15.693750901603607    -1.2249248011600125
-15.783867832703834    -1.175033334050006
-14.436797159247988    -1.7957176402945545
-15.341304103898437    -1.1985235110058534
-14.981960798835416    -1.4439335192282399
-16.003054172845907    -1.4933594244350552
-13.722815282107263    -1.0963377299843804
-13.750879011315305    -1.373472272723251
-13.38793011276232    -1.6197623994837704
-13.097613627889928    -1.6326102354819676
-13.440211409145775    -1.3529613131351679
-12.964005408764763    -1.8696260561812579
-13.179244865501687    -0.9207811467234936
-13.678565034821986    -1.004180866373921
-14.762927599961586    -1.4980379032453432
-14.382000259998733    -1.1601520470379678
-14.56602507391392    -1.6451312353468568
-12.898358933855718    -1.0609183150577637
-14.211297820264463    -1.1480942979590618
-13.634639262877101    -1.6802281609731156
-12.63589535247661    -1.0566465000442093
-13.212032817291572    -1.0743932236372582
-12.916738732302349    -1.767081601812604
-13.827780508675687    -1.2975834611404402
-12.896972688304118    -1.3749666569037722
-13.247740056688258    -1.4836828414639367
5.168079262917786    -3.100254312438573
5.287337581196056    -2.9074399743369264
4.0650970117490886    -3.019412880133268
5.448285858174643    -1.8738938671914878
6.2534562014540995    -2.9985073449802266
5.599723152722191    -2.0268157604287698
5.432190455563642    -2.52409765476497
4.553190023645698    -2.6394942410558033
5.697980721938194    -2.3863969918375876
5.543019968029711    -2.327757163924666
5.918259167211318    -3.0537091178908575
4.604103665346059    -2.3494216798204923
4.762336834575649    -2.1656684603539125
4.836643659282458    -2.331450039591933
4.977923012763483    -2.548442640516947
4.8120104802845844    -1.6589152773661897
4.879938194748377    -1.6548745490185923
5.1728720993995125    -1.779338517829142
3.0693165359018906    -2.9837523721181642
3.540472729230885    -2.951458949951822
3.6040937506706143    -2.9877039832923376
3.4084141302419084    -2.049404753212613
2.7364248618331715    -2.479488356543078
3.7442453789351475    -2.235768749616889
2.742759723023113    -2.802495634809659
3.493992802314466    -2.0601770009724727
5.10124298583716    -1.9996873965252737
2.802508839001092    -1.588518670470384
3.81097694971578    -1.3045592641943295
2.284296329556156    -2.170997461191167
4.38961595035795    -1.8167870265241546
2.7938739713916902    -1.4485789362303918
2.75658429326802    -1.3981316583046428
4.380167170766924    -2.094038590020622
2.601568677426883    -1.4530843203821437
4.0323391868538465    -1.4302089826054323
3.8740586778999386    -1.633420595861885
2.5827045455391726    -2.371590927784271
3.119626353221122    -2.2877928247984327
3.4001081303823355    -1.9954136831044378
4.750746028506484    -1.4034776598488339
3.0292023873469986    -1.3930434196783348
2.971669087238979    -1.8372626550936844
4.635451191626601    -1.6775471103195265
3.960730912397821    -2.4436483986579125
4.47391173117299    -1.7771951489364723
4.200956921810359    -1.8007259914644804
3.8251149146716728    -1.99325368435929
4.475282497133833    -1.514624432206037
2.527332331667651    -1.484597418342167
4.373408251239766    -0.9625404892034506
4.187705766055473    -1.085290418690697
3.8249270629529804    -1.1623796503972976
3.946972938878929    -0.9784195783902758
3.947555489910343    -0.9816849996339944
3.2988100443584756    -1.495200454339389
3.674787214849772    -0.048249543964418905
3.7166288448127887    -1.1228419811375812
3.476364645299242    -1.5618196461572011
3.43093789503385    -1.367724964392813
3.7355836821159016    -0.5837586307779806
3.356699330920577    -0.8619227774941672
3.624315841768322    -1.4655042720988711
-16.355842569950823    -0.5265105186749579
-14.751874262179967    -0.8374696679362847
-15.115340757299975    -0.5498717655108271
-15.227119762971313    -0.5566644704540412
-16.499350472155413    -0.6290362196085952
-16.757062902346036    -0.8369464088875631
-16.61899746443902    -0.9576359791052654
-15.118812104237236    -0.930386870019506
-16.828506847940275    -0.969083333138359
-15.676828494280073    -0.78315300432958
-14.85805078623082    -0.9507108530152454
-15.9275747979936    -0.8325634852427776
-16.405594302382895    -0.08091509809911765
-14.492804940481335    -0.9652258941826986
-13.788449038842543    -0.5381686359584764
-15.960278171456082    0.08324258860228105
-15.162265581801364    0.11311298997023604
-15.37886401318076    -0.19884007282525826
-13.251865835282274    -0.6390962711904054
-15.758713722608547    -0.05271741776744238
-15.497129432331576    -0.0718282259639699
-16.546369587263257    -0.06965470719609293
-16.233569232077684    -0.1139538486763174
-15.84295645087525    0.020278175336860438
-14.973744468101188    -0.12153551128128921
-15.785420319017248    -0.09972541313631143
-14.023985875422852    -0.37740865141482044
-14.204878019517764    -0.18404949380864827
-15.381069021805558    -0.28689860820229024
-15.69379232544685    -0.1098205746648247
-15.75414401154876    -0.10169034562109146
-14.270634423780791    -0.727907548602457
-15.437814847045672    -0.022020250013431036
-15.010528830094415    -0.09413773210604401
-14.254733308207733    -0.7808398501203552
-14.281226595852502    -0.7430795653679902
-14.581502168737416    -0.08054861745305779
-14.280227698027488    -0.18461099460493313
-16.185775241425063    0.06498146528260391
-14.038880234243663    -0.40155351255952115
-14.515128261273617    -0.09573048786160807
-16.54134330126317    -0.17318812663817304
-15.04740837630169    -0.22773795268490454
-13.967851779707246    -0.9129985361293939
-16.114600958305346    -0.26246918378832684
-15.590099854504956    -0.07260667264144355
-14.859208792163372    0.15252513812666912
-15.748909789071433    -0.1729673855754779
-14.100682557032485    -0.37117229943878
-14.424252327270153    -0.8329952630558659
-15.524137717574092    0.08117589284317128
-14.396006467181508    -0.7864181099605074
-14.772673484900338    -0.21877208261171802
-15.54727966635079    -0.14455844699185966
-14.673351304296716    0.05924819061844966
-14.703800120418236    -0.28830367828818126
-14.810725820656273    0.16203689251085632
-14.90757484474392    -0.2104654270819587
-15.805134923548223    -0.23835745784992632
-13.727800810237795    -0.3848526043667764
-15.041889669271768    0.00442550781456238
-15.487370428944189    0.24596714316361157
-13.991367626250394    0.13644225830246293
-14.359689052566807    -0.3301744579308244
-15.581491908966086    -0.39507461468834193
-15.94458947416905    0.20444682645909748
-14.108705234973627    -0.9166210775795012
-14.29688732608696    -0.0693402288476019
-14.30016099214862    0.09161222591771753
-16.380175219238765    0.07579825507912602
-14.794241753679444    0.2819974509377541
-14.422866121848472    -0.20555563787333425
-15.179066821670062    -0.11119051435277488
-15.704773860516639    0.06965698513120315
-15.802856266061497    -0.03344860810207457
-15.311146943510835    -0.089186816405331
-13.349188906945756    -0.8639253828319178
-14.50559176655679    -0.05957912912421809
-16.064765540467874    -0.061255297421593455
-15.75665272003431    -0.052508788622159075
-14.806803377882204    -0.11632022593736886
-12.594152487065628    -0.14081410228612617
-13.479338397499248    0.14408815469923145
-12.515058810234109    -0.37226178021493306
-11.786093758234585    0.10154517064824213
-13.766237716268677    -0.19412733268066074
-13.92593902922647    -0.12261799781076368
-11.814838196035396    -0.05700205748303585
-13.460029081341247    -0.09565465374974563
-12.202288485508916    -0.12709440109699827
-12.75100238764702    -0.1757815107012147
-12.529020589445281    -0.2656967369426193
-12.358506660675573    -0.274803376281803
-12.044875434656888    -0.39012283822530697
-13.027269282999214    -0.8053054430186817
-12.365449925619373    -0.08161310893276581
-13.01583800559331    -0.20847547051706405
-14.00532664665792    -0.09974705629744228
-13.057615057991882    -0.15159975558891567
-13.980220547742192    -0.12988834516392098
-13.058459305439271    -0.12353795852838947
-13.70461078685031    0.016780092328682245
-13.255495725201797    -0.06420871527595452
-13.345762682075303    0.07068212975042194
-12.996546856570205    -0.21068856538753702
-12.137628005155477    -0.2510257261717957
-13.074421497245567    -0.22144845362952287
-13.601706804776313    0.2698648282331955
-12.825212888251883    -0.15722147605966993
-12.514381015023446    -0.18549671765112163
-12.455669277081086    -0.052649023044416945
-13.446162566075657    -0.0808348908990853
-13.577188516435172    0.20933424428459216
-12.286441025300519    0.05615946654072382
-12.721531905536438    -0.1750226128445596
-13.185576747993878    -0.13282421618374984
-12.906502176953268    -0.27812833342156473
-12.553158155652739    -0.2976666647746928
-13.551805710233111    -0.11565009956945443
-12.723541763305548    -0.2967976480148327
-12.544639823782234    -0.4335422084925254
-13.219970797146459    -0.1370934140799445
-12.380011986286434    -0.1746784812510351
-12.404158003229497    -0.13370352938924202
-13.17648866827011    -0.20652446816741388
-13.246996029927743    0.057074496426990654
-13.061541866624452    -0.22390453106686797
-13.71006675863623    -0.1148530309811175
-11.81465442712863    -0.22901786324404566
-13.850443836069758    -0.026763515924511767
-13.821067750926375    -0.25179216151766215
-13.738155739140382    -0.15128669315929522
-13.302348266598528    0.015061792588829444
-12.260299250952755    -0.4646588162400837
-13.343784376526173    -0.17826429057164345
-11.773618698337714    -0.08758393729204497
-15.416208131545432    0.6761045290584056
-15.655178039563737    1.1210435242419963
-16.291073510481795    0.26140539672804775
-15.380500469971594    0.7271501475248936
-14.882066788525265    0.9830960418838975
-14.583046820784318    0.38275703541089184
-14.589483126153993    0.4096947153136351
-14.892981665434775    1.0469106064919236
-14.888932780646542    0.7922832947463883
-14.410496641226246    0.6588704608864007
-15.690061837778899    0.29290096338751465
-11.296634409013393    0.5286391969609684
-15.318415735085068    0.3817699422724352
-15.214075939208499    0.9551584722696976
-15.2811853536831    1.027432803793973
-12.467282778245476    0.7914925751781179
-14.390055319904775    1.395403357077594
-12.644152014077974    0.9531741969279208
-13.355921252253609    0.5840335806561452
-11.463072322133542    0.6146267554918726
-14.241359668302493    1.3865212456815004
-11.173208494055075    1.079220689858885
-11.075586822289893    1.0176932731365953
-11.479493657225646    0.9125026631607593
-10.990684772790644    1.0095534988839718
6.357396945830601    -2.4960498725925198
6.053504652250695    -2.4537738382887593
6.593982226263904    -2.0395674145346785
5.977038364405331    -2.268354421382034
6.215513580265281    -2.6361670917297166
6.35374651206601    -2.273535847946223
6.113593979289135    -1.2089776694933445
5.329915176393115    -0.6833185085372835
5.156645586763602    -1.3446018741562227
6.755714455630823    -1.8787197931959958
6.590639754500245    -1.4786858075231937
6.883977020682607    -1.8018669081244907
6.656641808840732    -1.2349828316384965
6.817203918888083    -1.672577634590414
5.426825867266473    -0.8673979661469556
6.710081015605454    -2.00607444041189
5.386524345372493    -1.6599430127171675
6.850864471128119    -1.0703582036598271
6.8137038121014655    -1.9828242960043936
5.953429828331792    -1.4045696849634939
6.724822726061831    -0.45152916360559675
5.757232082393955    -0.6852534297611305
6.763663988312828    -0.36999440695926206
7.058906418540545    -0.24637555821186768
6.536792849415349    -0.395590160242482
4.943433100572776    -0.6423644270031088
4.548032049854328    -0.44598465174623797
5.036538539799977    -0.30766528898172407
5.0805066610587915    -1.0758244470734502
6.5096937740439955    -0.1674956642018495
6.417576607755905    -0.16743766355171874
5.115131644969779    -0.10811557896354927
4.185550074762233    -0.2794345199275372
-87.5621465544757    -3.729156849696494
-86.70184387200118    -3.609310447764261
-87.1235597782885    -3.2148765644824553
-86.27883120343165    -3.6340939489286166
-86.21911121693165    -3.4256836583913257
-86.43471207395515    -2.9897130131911034
-86.53157831921794    -1.959579132568493
-85.51116349024221    -3.709296658546241
-85.25527816199872    -2.832315076390215
-85.46257012000859    -2.9352750748689713
-84.19005320216536    -4.017911971391761
-83.97223674625377    -3.292482302436259
-84.07795550356798    -2.9158562210682812
-85.04270146080967    -2.8865978010696662
-84.39110398715303    -2.767868316516975
-84.94379720692024    -2.7122627040356857
-2.2805573004145003    0.6346616228576897
-2.226854978187532    -0.2827226739097797
-3.047401211001784    0.2110559778580446
-2.451326178916247    -1.1589061998814492
-2.2247789209520192    -0.9513051119188338
-2.70857667826931    -0.19724824450017253
-3.1537494137376143    -0.10368606113152891
-2.6835701301951644    -0.9117417414546723
-2.268962165630967    0.006093147916577362
-1.6687820906559523    -0.15299057581287828
-2.5445939039947802    -1.0489440365774771
-2.307009196527474    -1.003065142294153
-3.1666585350479295    0.2128082973378829
-1.9790461859256538    -0.6488681967417319
-1.862461103114299    -0.22997601435694578
-1.904334965885198    -0.6880815612172969
-2.6936624598321828    -0.7703285992583208
-2.489650504526992    -1.244290339530601
-1.9881360004874864    -0.5069112717905555
-2.768709830769467    -0.7031528316095125
-2.316178449987035    -0.8161038744011956
-2.3909891391030555    -0.40333626353162255
-1.7494307649233178    0.15178954733138267
-1.3511000503413015    0.5060554103758551
-1.3486750857685479    0.48477431205972976
-1.583455690716903    0.5958873048796444
-1.2918074556927195    0.3633135485027364
-1.8552991916698716    0.6004514841246896
